82
1101100101110001101010000000
1100010101001110010110010000
1110110010111011100001010000
1110100001011001001100001000
1100100011110100101000101000
1010101100100111111100111000
1011001010100111001111111000
1111000110101010110010000100
1111100000110010100101000100
1100000011000101010110100100
1100001000101011001011100100
1001001111110011100101010100
1010100110011111110000110100
1101010010000110010000011100
1110101000000010110010011100
1101000010111011011110011100
1001001011001110101011111100
1010111001110110111110000010
1010010011111000011000100010
1100111110001000010010100010
1010111111101001011001100010
1010111110010110111001100010
1010101001110011111110010010
1001110101111010000010110010
1010011010001110111101110010
1011001001110011100000001010
1011011001100000001111001010
1111110000110001100100101010
1011001001111110011100101010
1011111110010010110001101010
1011111100101100011001101010
1101101000001010100111000110
1010000010101100011100100110
1000111001010111111100100110
1110111101011000111110100110
1011101010000001100010010110
1000000011001110101010010110
1010110101100110111110001110
1010111110010110100011001110
1001111101111110010010101110
1100110100101001111110101110
1001010010011000001111101110
1010100011110110011011011110
1010001011000000100111011110
0110100101010111001100000001
0101010011011011000110000001
0110011010001010011110100001
0101010110011011110111100001
0110001101001011111101010001
0101000101100011011100001001
0111000111111101010010011001
0100101001100111011111000101
0100010001100001111100100101
0100111011110111000101100101
0001110011111110010011010101
0100000111110110111001110101
0100011001110110100111110101
0100011001101001011111110101
0101010011100111111001001101
0101111100010100110011101101
0100101000011001000001011101
0111101101010101100110000011
0100110100101011000000100011
0001001101111101010111100011
0100100101010111111000110011
0011001110000010010010101011
0011100010000000110110101011
0001110000100010100100011011
0000000101011000111010011011
0110001110000000101011011011
0000000111001110101011011011
0011000111111110101011011011
0101010110011011110110000111
0011000111011011110100010111
0000100111101100101110010111
0011100000010101110110110111
0000101101101110110001110111
0001101110010101001101001111
0001110011011111010010101111
0101010010011000110000111111
0100011100101110010010111111
0010010011100111101010111111